clade_name	Acinetobacter	Aerococcus	Alphabaculovirus	Betabaculovirus	Brevundimonas	Candidatus_Bathyarchaeota_unclassified	Candidatus_Heimdallarchaeota_unclassified	Candidatus_Ruthia	Candidatus_Scalindua	Cutibacterium	Cycloclasticus	Cyprinivirus	Enhydrobacter	Epsilon15virus	Erythrobacter	Gammaproteobacteria_unclassified	Gammaretrovirus	Lentivirus	Limimaricola	Macavirus	Malassezia	Marinobacterium	Methanococcoides	Methanosarcinales_unclassified	Micrococcus	Myoviridae_unclassified	P1virus	Podoviridae_unclassified	Pseudomonas	Rdjlvirus	Retroviridae_unclassified	Rhadinovirus	Siphoviridae_unclassified	Staphylococcus	Stenotrophomonas	Sulfurovum	Thaumarchaeota_unclassified	Thermoplasmatales_unclassified	Varicellovirus	Viruses_unclassified	Weissella
CS01_Fast_PCR_0.metaphlan3	0	0	0	0	0	0	0	0	0	0	0	0	0	0	0	0	0	0	0	0	0	0	0	0.33125	0	0	0	0.0091	0	0	0	0	0	0	0	0	0	0.01742	0	0	0
CS01_Fast_PCR_10.metaphlan3	0	0	0	0	0	0	0	0	0	0	0	0	0	0	0	0	0	0	0	0	0	0	0	0.33065	0	0	0	0.00793	0	0	0	0	0	0	0	0.00054	0	0.01696	0	0	0
CS01_Fast_PCR_1.metaphlan3	0	0	0	0	0	0	0	0	0	0	0	0	0	0	0	0	0	0	0	0	0	0	0	0.30847	0	0	0	0.01036	0	0	0	0	0	0	0	0.00054	0	0.01596	0	0	0
CS03_Fast_PCR_0.metaphlan3	0	0	0	0	0	0	0	0	0	0	0	0	0	0	0	0	0	0	0	0	0	0	0	0.00254	0	0	0	0.00026	0	0	0.01399	0	0.00035	0	0	0	0	0.01618	0	0	0
CS03_Fast_PCR_10.metaphlan3	0	0	0	0	0	0	0	0	0	0	0	0	0	0	0	0	0	0	0	0	0	0	0	0.00508	0	0	0	0.00176	0	0	0	0.00042	0	0	0	0	0	0.03687	0	0	0
CS03_Fast_PCR_1.metaphlan3	0	0	0	0	0	0	0	0	0	0	0	0	0	0	0	0	0	0	0	0	0	0	0	0.00579	0	0	0	0.00071	0	0	0	0	0	0	0	0	0	0.03427	0	0	0
CS05_Fast_PCR_0.metaphlan3	0	0	0	0	0	0.0005	0.00036	0	6.00E-05	0	0	0	0	0	0	0	0	0	0	0	0	0	0	0	0	0	0.00113	0.00421	0	0	0	0.00031	0	0	0	0.00094	0	0.00086	0.00017	0	0
CS05_Fast_PCR_10.metaphlan3	0	0	0	0	0	0.00237	0.00138	0.0001	0.0004	0	0	0.00031	0	0	0	0	0	0	0	0	0	0	0	0	0	0	0	0.0095	0	0	0	0	0	0	0	0.00362	0	0.0027	0	0	0
CS05_Fast_PCR_1.metaphlan3	0	0	0	0	0	0.00119	0.00087	3.00E-05	0.00011	0	0	0	0	0	0	0	0	0	0	0	0	0	0	0	0	0	0	0.00581	0	0	0	0	0	0	0	0.00204	0	0.0021	0	0	0
CS08_Fast_PCR_0.metaphlan3	0.00564	0	0	0	0	0	0	0	0	0.00103	0	0	0	0	0	0	0	0	0	0	0	0	0	0.0162	0	0	0	0	0	0	0	0	0	0	0	0.00255	0	0.00256	0	0	0
CS08_Fast_PCR_10.metaphlan3	0	0	0	0	0	0	0	0	0.00041	0	0	0	0	0	0	0	0	0	0	0	0	0	0	0.01208	0	0	0	0.00292	0	0	0	0	0	0	0	0.00886	0	0.0039	0	0	0
CS08_Fast_PCR_1.metaphlan3	0	0	0	0	0	0	0	0	0.00032	0	0	0	0	0	0	0	0	0	0	0	0	0	0	0.01097	0	0	0	0.00553	0	0	0	0	0	0	0	0.00849	0	0.00349	0	0	0
CS10_Fast_PCR_0.metaphlan3	0	0	0	0	0	0	0	0	0	0.00029	0	0.0012	0.00099	0	0	0	0	0	0	0	0	0.01093	0	0.00021	0.0009	0.00271	0	0.00653	0	0	0.00122	0	0	0.0113	0	0.00874	0	0.00087	0	0.0004	0
CS10_Fast_PCR_10.metaphlan3	0	0	0	0	0	0	0	0	0.00015	0	0	0.00243	0	0	0.00024	0	0	0	0	0.00126	0	0.00834	0	0	0	0.00056	0	0.00353	0.00067	0	0	0.00206	0.00131	0	0	0.00573	0	0.00058	0	0	0
CS10_Fast_PCR_1.metaphlan3	0	0	0	0	0	0	0	0.00016	0.00011	0	9.00E-05	0	0	0	0.00016	0	0	0	4.00E-05	0	0	0.0134	0	0.00054	0	0	0	0.01056	0.00058	0	0	0	0	0	0	0.00716	0	0.00117	0	0	0
CS12_Fast_PCR_0.metaphlan3	0	0.00357	0	0	0	0	0	0	0	0.00023	0	0	0	0	0	0	0	0	0	0	9.00E-05	0	0	0.02011	0	0	0	0.0093	0	0	0	0.00061	0.00139	0.0002	0	0.00159	6.00E-05	0.05248	0	0	0
CS12_Fast_PCR_10.metaphlan3	0	0	0	0	0	0	0.0001	0	0	0	0	0	0	0	0	0	0	0	0	0	0	0	0	0.0204	0	0.00118	0	0.00516	0	0	0	0	0	0	0	0.00327	9.00E-05	0.06384	0	0	0
CS12_Fast_PCR_1.metaphlan3	0	0	0	0	0	0.0002	0.00027	0	0	0.00055	0	0	0	0	0	0	0	0	0	0	0	0	0	0.02323	0	0	0	0.00423	0	0	0.00152	0	0	0	0.00067	0.00201	0.00021	0.05663	0	0	0
CS25_Cov_WGS.metaphlan3	0	0	0	0	0	0	0	0	0	0	0	0	0	0	0	0	0	0	0	0	0	0	0	0.60949	0	0	0	0.00556	0	0	0	0	0.00334	0	0	0	0	0.01941	0	0	0
CS25_enzy_WGS.metaphlan3	0	0	0	0	0	0	0	0	0	0	0	0	0	0	0	0	0	0	0	0	0	0	0	0.49782	0	0	0	0.00541	0	0	0	0.00129	0	0	0	0	0	0.01864	0	0	0
CS25_Fast_PCR_0.metaphlan3	0	0	0	0	0	0	0	0	0	0	0	0	0	0	0	0	0	0	0	0	0	0	0	0.4615	0	0	0	0.01042	0	0	0	0	0	0	0	0.00055	0	0.01927	0	0	0
CS25_Fast_PCR_10.metaphlan3	0	0	0	0	0	0	0	0	0	0	0	0	0	0	0	0	0	0	0	0	0	0	0	0.53774	0	0	0	0.00684	0	0	0	0	0.00084	0	0	0.00057	0	0.02229	0	0	0
CS25_Fast_PCR_1.metaphlan3	0	0	0	0	0	0	0	0	0	0	0	0	0	0	0	0	0	0	0	0	0	0	0	0.48147	0	0.00145	0	0.00486	0	0	0	0	0	0	0	0	0	0.0166	0	0	0
CS26_Cov_WGS.metaphlan3	0	0	0	0	0	0	0	0	0	0	0	0	0	0	0	0	0	0	0	0	0	0	0	0.01091	0	0.00055	0	0.00072	0	0	0	0	0.00123	0	0	0	0	0.04009	0	0	0
CS26_enzy_WGS.metaphlan3	0	0	0	0	0	0	0	0	0	0	0	0	0	0	0	0	0	0	0	0	0	0	0	0.01021	0	0	0	0.00213	0	0	0	0	0.00036	0	0	0	0	0.03429	0	0	0
CS26_Fast_PCR_0.metaphlan3	0	0	0	0	0	0	0	0	0	0.00059	0	0	0	0	0	0	0	0	0	0	0	0	0	0.00598	0	0	0	0.00031	0	0	0	0	0	0	0	0	0	0.0322	0	0	0
CS26_Fast_PCR_10.metaphlan3	0	0	0	0	0	0	0	0	0	0	0	0	0	0	0	0	0	0	0	0	0	0	0	0.00858	0	0.00017	0	0.00173	0	0	0	0	0.00025	0	0	0	0	0.03721	0	0	0
CS26_Fast_PCR_1.metaphlan3	0	0	0	0	0	0	0	0	0	0	0	0.00028	0	0	0	0	0	0	0	0	0	0	0	0.00803	0	0	0	0.0017	0	0	0	0	0	0	0	0	0	0.03388	0	0	0
CS28_Cov_WGS.metaphlan3	0	0	0	0	0	0.00164	0.00116	0.00013	0.00042	0	0	0.00026	0	0	0	0	0	0	0	0	0	0	0	0	0	0.00306	0	0.00314	0	0	0	0.00044	0.0016	0	0	0.00152	0	0.00137	0	0	0
CS28_enzy_WGS.metaphlan3	0	0	0	0.00043	0	0.0014	0.00067	0	0.00029	0	0	0.00024	0	0	0	0	0	0	0	0	0	0	0	0	0	0.00088	0	0.00485	0	0	0	0	0	0	0	0.00105	0	0.00126	0	0	0
CS28_Fast_PCR_0.metaphlan3	0	0	0	0	0	0.00143	0.00086	0	0.0001	0	0	0	0	0	0	0	0	0	0	0	0	0	0	0	0	0	0	0.00477	0	0	0	0.00053	0	0	0	0.00225	0	0.00092	0	0	0
CS28_Fast_PCR_10.metaphlan3	0	0	0	0	0	0.00277	0.00113	0	0.00019	0	0	0	0	0	0	0	0	0	0	0	0	0	2.00E-05	0	0	0.00197	0	0.00721	0	0	0	0	0	0	0	0.00135	0	0.00226	0	0	0
CS28_Fast_PCR_1.metaphlan3	0	0	0	0	0	0.00227	0.00115	0	0.00021	0	0	0	0	0	0	0	0	0	0	0	0	0	3.00E-05	0	0	0	0	0.00469	0	0	0	0	0	0	0	0.00195	0	0.00168	0.00031	0	0
CS31_Cov_WGS.metaphlan3	0	0	0	0	0	0	0	0	0.00072	0	0	0	0	0	0	0	0	0	0	0	0	0	0	0.02008	0	0.00281	0	0.00489	0	0	0	0.00105	0.00034	0	0	0.01195	0	0.00266	0.00057	0	0
CS31_enzy_WGS.metaphlan3	0	0	0	0	0	0	0	0	0.00057	0	0	0.00055	0	0	0	0	0	0	0	0.00064	0	0	0	0.01459	0	0	0	0.00476	0	0	0	0	0	0	0	0.00669	0	0.00252	0.00057	0	0
CS31_Fast_PCR_0.metaphlan3	0	0	0	0	0	0	0	0	0.00034	0.00012	0	0.0006	0	0	0	0	0	0	0	0	0	0	0	0.01347	0	0	0	0.00553	0	0	0	0	0.00133	0	0	0.01126	0	0.00237	0	0	0
CS31_Fast_PCR_10.metaphlan3	0	0	0	0	0	0	0	0	0.001	0	0	0.00067	0	0	0	0	0	0	0	0	0	0	0	0.01309	0	0	0	0.00466	0	0	0	0	0	0	0	0.01997	0	0.00343	0	0	0
CS31_Fast_PCR_1.metaphlan3	0	0	0	0	0	0	0	0	0.00027	0	0	0	0	0.0013	0	0	0	0	0	0.00059	0	0	0	0.01137	0	0	0	0.00429	0	0	0.0022	0	0.0017	0	0	0.01287	0	0.00248	0	0	0
CS33_Cov_WGS.metaphlan3	0	0	0	0	0	0	0	0.00026	0.00055	0	0	0.00103	0	0	0	0.00019	0	0	0	0	0	0.00502	0	0.00041	0	0	0	0.00372	0.00032	0	0	0	0.00192	0	0	0.00874	0	0.00066	0	0	0
CS33_enzy_WGS.metaphlan3	0	0	0	0	0	0	0	0	9.00E-05	0	0	0.00225	0	0	0	0	0	0	0.00028	0.00174	0	0.00885	0	0.00052	0	0	0	0.00583	0.00064	0	0	0.00095	0.00298	0	0	0.01303	0	0.00074	0	0	0
CS33_Fast_PCR_0.metaphlan3	0	0	0	0	0	0	0	8.00E-05	5.00E-05	0.00055	0	0.00136	0	0	0.00015	0	0	0	0	0	0	0.00954	0	0.00032	0	0	0	0.00292	0	0	0	0.00115	0.0008	0	0.00078	0.02218	0	0.00104	0.00063	0	0
CS33_Fast_PCR_10.metaphlan3	0	0	0	0	0	0	0	0.00027	0.00028	0	0	0.00181	0	0	0	0	0	0	0	0.00062	0	0.00723	0	0.00057	0	0.00019	0	0.00556	0.00032	0	0	0.00102	0.00183	0	0.00025	0.01384	0	0.00102	0	0	0
CS33_Fast_PCR_1.metaphlan3	0	0	0	0	0	0	0	0	0.00044	0	0	0.00202	0	0.00074	0.00016	0	0	0	0	0	0	0.00644	0	3.00E-05	0	0	0	0.00191	0	0	0	0.00171	0.00737	0	0	0.01097	0	0.0007	0	0	0
CS35_Cov_WGS.metaphlan3	0	0	0	0	0	0.00018	0.00034	0	0	0	0	0.00108	0	0	0	0	0	0	0	0	0	0	0	0.05706	0	0.00055	0	0.00638	0	0	0	0.00183	0.00039	0	0	0.0024	0	0.05067	0	0	0
CS35_enzy_WGS.metaphlan3	0	0	0	0	0	0.0004	0.00046	0	0	0	0	0	0	0	0	0	0	0	0	0	0	0	0	0.01934	0	0.00201	0	0.0035	0	0	0	0	0	0	0	0.00331	7.00E-05	0.03912	0.00037	0	0
CS35_Fast_PCR_0.metaphlan3	0	0	0	0	0.00016	0.00022	0.00045	0	0	0.00015	0	0	0	0	0	0	0	0	0	0	0	0	0	0.01948	0	0	0	0.00488	0	0	0.00162	0	0.00047	0	0	0.00618	0	0.03933	0	0	0
CS35_Fast_PCR_10.metaphlan3	0	0	0	0	0	0.00037	0.00034	0	0	0	0	0	0	0	0	0	0	0	0	0	0	0	0	0.01584	0	0.00078	0	0.003	0	0	0	0	0	0	0	0.00291	0	0.04359	0	0	0
CS35_Fast_PCR_1.metaphlan3	0	0	0	0	0	0.00028	0.00031	0	0	0	0	0	0	0	0	0	0	0	0	0	0	0	0	0.01775	0	0	0	0.00303	0	0	0	0	0	0	0	0.00359	0	0.0403	0	0	0
CS36_Cov_WGS.metaphlan3	0	0	0	0	0	0	0	0	0	0	0	0	0	0	0	0	0	0	0	0	0	0	0	0.5025	0	0	0	0.00569	0	0	0	0	0	0	0	0	0	0.018	0	0	0
CS36_enzy_WGS.metaphlan3	0	0	0	0.00136	0	0	0	0	0	0	0	0	0	0	0	0	0	0	0	0	0	0	0	0.59435	0	0	0	0.00889	0	0	0	0	0	0	0	0	0	0.02073	0	0	0
CS36_Fast_PCR_0.metaphlan3	0	0	0	0	0	0	0	0	0	0.00029	0	0	0	0	0	0	0	0	0	0	0	0	0	0.4858	0	0	0	0.00558	0	0	0.0062	0	0	0	0	0	0	0.01881	0	0	0
CS36_Fast_PCR_10.metaphlan3	0	0	0	0	0	0	0	0	0	0	0	0	0	0	0	0	0	0	0	0	0	0	0	0.48785	0	0	0	0.00786	0	0	0	0	0	0	0	0	0	0.01925	0	0	0
CS36_Fast_PCR_1.metaphlan3	0	0	0	0	0	0	0	0	0	0	0	0	0	0	0	0	0	0	0	0	0	0	0	0.51244	0	0	0	0.00947	0	0	0	0	0	0	0	0.00059	0	0.01892	0	0	0
CS37_Cov_WGS.metaphlan3	0	0	0	0	0	0	0	0	0	0	0	0	0	0	0	0	0	0	0	0	0	0	0	0.01061	0	0	0	0.00262	0	0	0	0	0	0	0	0.00045	0	0.03792	0	0	0
CS37_enzy_WGS.metaphlan3	0	0	0	0	0	0	0	0	0	0	0	0	0	0	0	0	0	0	0	0.00033	0	0	0	0.01288	0	0.00055	0	0.00061	0	0	0	0	0	0	0	0	0	0.04177	0	0	0
CS37_Fast_PCR_0.metaphlan3	0	0	0	0	0	0	0	0	0	0	0	0	0	0	0	0	0	0	0	0	0	0	0	0.00886	0	0	0	0	0	0	0	0	0	0	0	0	0	0.03637	0	0	0
CS37_Fast_PCR_10.metaphlan3	0	0	0	0	0	0	0	0	0	0	0	0	0	0	0	0	0	0	0	0	0	0	0	0.00833	0	0	0	0.00213	0	0	0	0	0	0	0	0.00021	0	0.03765	0.00027	0	0
CS37_Fast_PCR_1.metaphlan3	0	0	0	0	0	0	0	0	0	0	0	0	0	0	0	0	0	0	0	0	0	0	0	0.01037	0	0	0	0	0	0	0	0	0	0	0	0.00024	0	0.03914	0	0	0
CS39_Cov_WGS.metaphlan3	0	0	0	0	0	0.00085	0.00074	0	0.00026	0	0	0.00022	0	0	0	0	0	0.00021	0	0	0	0	0	0	0	0.0002	0	0.00521	0	0	0	0	0.00075	0	0	0.00097	0	0.00104	0	0	0
CS39_enzy_WGS.metaphlan3	0	0	0	0	0	0.00122	0.00097	3.00E-05	0.00022	0	0	0	0	0	0	0	0	0	0	0	0	0	0	0	0	0.00053	0	0.0049	0	0	0	0	0	0	0	0.00122	0	0.00127	0	0	0
CS39_Fast_PCR_0.metaphlan3	0	0	0	0	0	0.00043	0.00017	0	5.00E-05	0	0	0.00012	0	0	0	0	0	0	0	0	0	0	0	0	0	0.00025	0.00118	0.0031	0	0	0	0	0	0	0	0.00018	0	0.00017	0.00011	0	0
CS39_Fast_PCR_10.metaphlan3	0	0	0	0	0	0.00127	0.00113	0	0.00028	0	0	0.00024	0	0	0	0	0	0	0	0	0	0	0	0	0	0	0	0.00879	0	0	0	0	0	0	0	0.00034	0	0.00133	0	0	0.00064
CS39_Fast_PCR_1.metaphlan3	0	0	0	0	0	0.00092	0.00069	1.00E-05	0.00024	0	0	0.00023	0	0	0	0	0	0	0	0	0	0	0	0	0	0	0	0.0047	0	0	0	0.00079	0	0	0	0.00034	0	0.00124	0	0	0
CS42_Cov_WGS.metaphlan3	0	0	0	0	0	0	0	0	0.00041	0	0	0	0	0	0	0	0	0	0	0	0	0	0	0.02017	0	0	0	0.00812	0	0	0	0	0	0	0	0.01029	0	0.00212	0.00059	0	0
CS42_enzy_WGS.metaphlan3	0	0	0	0	0	0	0	0	0.00051	0	0	0.0012	0	0	0	0	0	0	0	0.00066	0	0	0	0.02324	0	0	0	0.00562	0	0	0	0	0.00245	0	0	0.00876	0	0.003	0	0	0
CS42_Fast_PCR_0.metaphlan3	0	0	0	0	0	0	0	0	0	0.00047	0	0.00109	0	0	0	0	0	0	0	0	0	0	0	0.0113	0	0	0	0.00435	0	0	0.0063	0	0	0	0	0.0095	0	0.00097	0.00101	0	0
CS42_Fast_PCR_10.metaphlan3	0	0	0	0	0	0	0	0	0.00047	0	0	0	0	0	0	0	0	0	0	0	0	0	0	0.01309	0	0	0	0.00721	0	0	0	0	0	0	0	0.01346	0	0.00283	0	0	0
CS42_Fast_PCR_1.metaphlan3	0	0	0	0	0	0	0	0	0.00047	0	0	0	0	0	0	0	0	0	0	0	0	0	0	0.01582	0	0	0	0.00646	0	0	0	0	0	0	0	0.01773	0	0.00311	0.00061	0	0
CS44_Cov_WGS.metaphlan3	0	0	0	0	0	0	0	0	0.00021	0	0	0.0032	0	0	0.00023	0	0	0	5.00E-05	0	0	0.0059	0	0.00024	0	0	0	0.0019	0.00071	0	0	0	0.00446	0	0	0.00712	0	0.00039	0.00098	0	0
CS44_enzy_WGS.metaphlan3	0	0	0.00104	0	0	0	0	3.00E-05	0.00025	0	0	0.0032	0	0	0	0	0	0	0	0.00047	0	0.00624	0	0.00029	0	0	0	0.00482	0.00025	0	0	0.00077	0.00404	0	0	0.00643	0	0.00065	0	0	0
CS44_Fast_PCR_0.metaphlan3	0	0	0	0	0	0	0	0	0.00015	0	0	0.00048	0	0	0	0	0	0	0	0	0	0.00575	0	0.00017	0	0	0	0.00276	0	0	0	0.00081	0.0099	0	0	0.00798	0	0.00027	0	0	0
CS44_Fast_PCR_10.metaphlan3	0	0	0	0	0	0	0	0.00017	0.00044	0	0	0.00051	0	0	0	0	0	0	0	0	0	0.00596	0	9.00E-05	0	0.00115	0	0.00518	0	0.00086	0	0.00087	0.00553	0	0	0.01025	0	0.00087	0	0	0
CS44_Fast_PCR_1.metaphlan3	0	0	0	0	0	0	0	0.00019	0.00023	0	4.00E-05	0.00117	0	0	0	0	0	0	0	0	0	0.00779	0	0.00037	0	0	0	0.00471	0	0	0	0	0.00623	0	0	0.01261	0	0.00091	0	0	0
CS46_Cov_WGS.metaphlan3	0	0	0	0	0	0.00019	0.00044	0	0	0	0	0.00043	0	0	0	0	0	0	0	0	0	0	0	0.02522	0	0.00192	0	0.00441	0	0	0	0	0.00349	0	0	0.00123	0	0.03732	0	0	0
CS46_enzy_WGS.metaphlan3	0	0	0.0005	0	0	0	0.0004	0	0	0	0	0.00028	0	0	0	0	0.00056	0	0	0	0	0	0	0.02488	0	0.00063	0	0.0029	0	0	0	0	0	0	0	0.00196	4.00E-05	0.04215	0	0	0
CS46_Fast_PCR_0.metaphlan3	0	0	0	0	0	0	0	0	0	0	0	0.00038	0	0	0	0	0	0	0	0	0	0	0	0.01364	0	0	0	0.01054	0	0	0	0	0	0	0	0.00501	0	0.03419	0	0	0
CS46_Fast_PCR_10.metaphlan3	0	0	0	0	0	4.00E-05	0.00022	0	0	0	0	0	0	0	0	0	0	0	0	0	0	0	0	0.01596	0	0.00081	0	0.00666	0	0	0	0	0	0	0	0.00266	0.00012	0.0432	0	0	0
CS46_Fast_PCR_1.metaphlan3	0	0	0	0	0	4.00E-05	0.0002	0	0	0	0	0	0	0	0	0	0	0	0	0	0	0	0	0.01697	0	0.00046	0	0.00378	0	0	0	0	0	0	0	0.00241	7.00E-05	0.04051	0	0	0
